[1.562750233141971, 0.0, 'closing forearm', 1447936504.42, 1.562750233141971, 0.0]
[1.5882048662532502, 0.0, 'hand above elbow', 1447936504.517, 0.025454633111279268, 0.0]
[1.5882048662532502, 0.0, 'forearm stopped', 1447936504.617, 0.0, 0.0]
[1.598990176667021, 0.0, 'arm moving up', 1447936504.818, 0.010785310413770732, 0.0]
[1.6113045706615055, 0.0, 'arm stopped', 1447936504.918, 0.01231439399448453, 0.0]
[1.6113045706615055, 0.0, 'closing forearm', 1447936504.918, 0.0, 0.0]
[1.6113045706615055, 0.0, 'opening forearm', 1447936505.02, 0.0, 0.0]
[1.6113045706615055, 0.0, 'forearm stopped', 1447936505.123, 0.0, 0.0]
[1.6012864196759498, 0.0, 'arm moving down', 1447936505.219, -0.010018150985555696, 0.0]
[1.6012864196759498, 0.0, 'opening forearm', 1447936505.219, 0.0, 0.0]
[1.5939989984745118, 0.0, 'arm stopped', 1447936505.32, -0.0072874212014379935, 0.0]
[1.5939989984745118, 0.0, 'hand under elbow', 1447936505.32, 0.0, 0.0]
[1.5867588049253911, 0.0, 'forearm stopped', 1447936505.423, -0.007240193549120644, 0.0]
[1.5755291910046316, 0.0, 'arm moving down', 1447936505.721, -0.011229613920759496, 0.0]
[1.5684367686170022, 0.0, 'arm stopped', 1447936505.821, -0.007092422387629416, 0.0]
[1.5442895150538543, 0.0, 'closing forearm', 1447936505.918, -0.024147253563147952, 0.0]
[1.5442895150538543, 0.0, 'forearm stopped', 1447936506.02, 0.0, 0.0]
[1.4367980473336237, 0.0, 'opening forearm', 1447936506.323, -0.10749146772023055, 0.0]
[1.4134876547245598, 0.0, 'forearm stopped', 1447936506.52, -0.023310392609063868, 0.0]
[1.2691592767739428, 0.0, 'arm moving up', 1447936507.22, -0.14432837795061704, 0.0]
[1.228662520974468, 0.0, 'hand above elbow', 1447936507.319, -0.04049675579947487, 0.0]
[1.2278994683210849, 0.0, 'arm stopped', 1447936507.62, -0.0007630526533830562, 0.0]
[1.2940467780616172, 0.0, 'waving', 1447936508.02, 0.06614730974053229, 0.0]
[1.2940467780616172, 0.0, 'opening forearm', 1447936508.124, 0.0, 0.0]
[1.3009553892070693, 0.0, 'forearm stopped', 1447936508.224, 0.006908611145452159, 0.0]
[1.4371781537509962, 0.0, 'walking backward', 1447936592.719, 1.4371781537509962, 0.0]
[1.5668013888887493, 0.0, 'no walking', 1447936593.018, 0.1296232351377531, 0.0]
[1.5668013888887493, 0.0, 'arm moving up', 1447936593.018, 0.0, 0.0]
[1.5668013888887493, 0.0, 'closing forearm', 1447936593.019, 0.0, 0.0]
[1.5668013888887493, 0.0, 'hand above elbow', 1447936593.123, 0.0, 0.0]
[1.5685851029836697, 0.0, 'waving', 1447936593.224, 0.0017837140949203967, 0.0]
[1.5685851029836697, 0.0, 'arm stopped', 1447936593.224, 0.0, 0.0]
[1.5685851029836697, 0.0, 'opening forearm', 1447936593.224, 0.0, 0.0]
[1.560826534902696, 0.0, 'forearm stopped', 1447936593.519, -0.007758568080973749, 0.0]
[1.5474325260819983, 0.0, 'closing forearm', 1447936593.719, -0.013394008820697634, 0.0]
[1.5396348265425313, 0.0, 'forearm stopped', 1447936594.02, -0.007797699539467073, 0.0]
[1.5254169667936546, 0.0, 'arm moving down', 1447936594.221, -0.014217859748876682, 0.0]
[1.5184677589331628, 0.0, 'opening forearm', 1447936594.32, -0.006949207860491802, 0.0]
[1.5184677589331628, 0.0, 'hand under elbow', 1447936594.421, 0.0, 0.0]
[1.5113730584398088, 0.0, 'arm stopped', 1447936594.518, -0.007094700493353923, 0.0]
[1.506822594010454, 0.0, 'forearm stopped', 1447936594.621, -0.004550464429354806, 0.0]
[1.083662777763335, 0.0, 'no walking', 1447936655.821, 1.083662777763335, 0.0, 0.0, 0.0, 0.0, 0.0, 0.0, 0.0, 0.0, 0.0, 0.0, 0.0, 0.0, 0.0, 0.0, 0.0, 0.0, 0.0]
[1.1272064992592155, 0.0, 'walking backward', 1447936656.72, 0.04354372149588048, 0.0, 0.0, 0.0, 0.0, 0.0, 0.0, 0.0, 0.0, 0.0, 0.0, 0.0, 0.0, 0.0, 0.0, 0.0, 0.0, 0.0]
[1.2024833402004318, 0.0, 'no walking', 1447936656.919, 0.07527684094121634, 0.0, 0.0, 0.0, 0.0, 0.0, 0.0, 0.0, 0.0, 0.0, 0.0, 0.0, 0.0, 0.0, 0.0, 0.0, 0.0, 0.0]
[1.10419758709017, 0.0, 'walking forward', 1447936660.119, -0.09828575311026189, 0.0, 0.0, 0.0, 0.0, 0.0, 0.0, 0.0, 0.0, 0.0, 0.0, 0.0, 0.0, 0.0, 0.0, 0.0, 0.0, 0.0]
[1.10419758709017, 0.0, 'closing forearm', 1447936660.119, 0.0, 0.0, 0.0, 0.0, 0.0, 0.0, 0.0, 0.0, 0.0, 0.0, 0.0, 0.0, 0.0, 0.0, 0.0, 0.0, 0.0, 0.0]
[1.10419758709017, 0.0, 'forearm stopped', 1447936660.219, 0.0, 0.0, 0.0, 0.0, 0.0, 0.0, 0.0, 0.0, 0.0, 0.0, 0.0, 0.0, 0.0, 0.0, 0.0, 0.0, 0.0, 0.0]
[1.0447157601152135, 0.0, 'closing forearm', 1447936660.318, -0.05948182697495641, 0.0, 0.0, 0.0, 0.0, 0.0, 0.0, 0.0, 0.0, 0.0, 0.0, 0.0, 0.0, 0.0, 0.0, 0.0, 0.0, 0.0]
[0.9792885167020764, 0.0, 'forearm stopped', 1447936660.422, -0.0654272434131371, 0.0, 0.0, 0.0, 0.0, 0.0, 0.0, 0.0, 0.0, 0.0, 0.0, 0.0, 0.0, 0.0, 0.0, 0.0, 0.0, 0.0]
[0.7920381468100282, 0.0, 'no walking', 1447936660.82, -0.18725036989204824, 0.0, 0.0, 0.0, 0.0, 0.0, 0.0, 0.0, 0.0, 0.0, 0.0, 0.0, 0.0, 0.0, 0.0, 0.0, 0.0, 0.0]
[0.8460931522514109, 0.0, 'closing forearm', 1447936661.721, 0.05405500544138275, 0.0, 0.0, 0.0, 0.0, 0.0, 0.0, 0.0, 0.0, 0.0, 0.0, 0.0, 0.0, 0.0, 0.0, 0.0, 0.0, 0.0]
[0.9464176334335639, 0.0, 'walking backward', 1447936661.816, 0.10032448118215298, 0.0, 0.0, 0.0, 0.0, 0.0, 0.0, 0.0, 0.0, 0.0, 0.0, 0.0, 0.0, 0.0, 0.0, 0.0, 0.0, 0.0]
[0.9464176334335639, 0.0, 'forearm stopped', 1447936661.816, 0.0, 0.0, 0.0, 0.0, 0.0, 0.0, 0.0, 0.0, 0.0, 0.0, 0.0, 0.0, 0.0, 0.0, 0.0, 0.0, 0.0, 0.0]
[1.286762658041713, 0.0, 'arm moving up', 1447936662.619, 0.3403450246081492, 0.0, 0.0, 0.0, 0.0, 0.0, 0.0, 0.0, 0.0, 0.0, 0.0, 0.0, 0.0, 0.0, 0.0, 0.0, 0.0, 0.0]
[1.3252182384800342, 0.0, 'hand above elbow', 1447936662.821, 0.03845558043832109, 0.0, 0.0, 0.0, 0.0, 0.0, 0.0, 0.0, 0.0, 0.0, 0.0, 0.0, 0.0, 0.0, 0.0, 0.0, 0.0, 0.0]
[1.372706265791326, 0.0, 'waving', 1447936662.921, 0.04748802731129187, 0.0, 0.0, 0.0, 0.0, 0.0, 0.0, 0.0, 0.0, 0.0, 0.0, 0.0, 0.0, 0.0, 0.0, 0.0, 0.0, 0.0]
[1.372706265791326, 0.0, 'no walking', 1447936662.921, 0.0, 0.0, 0.0, 0.0, 0.0, 0.0, 0.0, 0.0, 0.0, 0.0, 0.0, 0.0, 0.0, 0.0, 0.0, 0.0, 0.0, 0.0]
[1.3776308663336465, 0.0, 'arm stopped', 1447936663.024, 0.0049246005423204675, 0.0, 0.0, 0.0, 0.0, 0.0, 0.0, 0.0, 0.0, 0.0, 0.0, 0.0, 0.0, 0.0, 0.0, 0.0, 0.0, 0.0]
[1.3795872203961879, 0.0, 'closing forearm', 1447936663.221, 0.0019563540625413545, 0.0, 0.0, 0.0, 0.0, 0.0, 0.0, 0.0, 0.0, 0.0, 0.0, 0.0, 0.0, 0.0, 0.0, 0.0, 0.0, 0.0]
[1.379824193336915, 0.0, 'forearm stopped', 1447936663.322, 0.0002369729407272203, 0.0, 0.0, 0.0, 0.0, 0.0, 0.0, 0.0, 0.0, 0.0, 0.0, 0.0, 0.0, 0.0, 0.0, 0.0, 0.0, 0.0]
[1.3775220430702058, 0.0, 'opening forearm', 1447936663.522, -0.002302150266709324, 0.0, 0.0, 0.0, 0.0, 0.0, 0.0, 0.0, 0.0, 0.0, 0.0, 0.0, 0.0, 0.0, 0.0, 0.0, 0.0, 0.0]
[1.3742924817819464, 0.0, 'forearm stopped', 1447936663.724, -0.0032295612882593527, 0.0, 0.0, 0.0, 0.0, 0.0, 0.0, 0.0, 0.0, 0.0, 0.0, 0.0, 0.0, 0.0, 0.0, 0.0, 0.0, 0.0]
[1.3736893228364389, 0.0, 'closing forearm', 1447936664.019, -0.0006031589455075537, 0.0, 0.0, 0.0, 0.0, 0.0, 0.0, 0.0, 0.0, 0.0, 0.0, 0.0, 0.0, 0.0, 0.0, 0.0, 0.0, 0.0]
[1.3721438248304554, 0.0, 'forearm stopped', 1447936664.219, -0.00154549800598347, 0.0, 0.0, 0.0, 0.0, 0.0, 0.0, 0.0, 0.0, 0.0, 0.0, 0.0, 0.0, 0.0, 0.0, 0.0, 0.0, 0.0]
[1.3704847159933786, 0.0, 'opening forearm', 1447936664.418, -0.0016591088370767615, 0.0, 0.0, 0.0, 0.0, 0.0, 0.0, 0.0, 0.0, 0.0, 0.0, 0.0, 0.0, 0.0, 0.0, 0.0, 0.0, 0.0]
[1.3702482552878383, 0.0, 'forearm stopped', 1447936664.619, -0.00023646070554028675, 0.0, 0.0, 0.0, 0.0, 0.0, 0.0, 0.0, 0.0, 0.0, 0.0, 0.0, 0.0, 0.0, 0.0, 0.0, 0.0, 0.0]
[1.3561144424898703, 0.0, 'arm moving up', 1447936674.917, 1.3561144424898703, 0.0, 0.0, 0.0, 0.0, 0.0, 0.0, 0.0, 0.0, 0.0, 0.0, 0.0, 0.0, 0.0, 0.0, 0.0, 0.0, 0.0]
[1.3475924171262015, 0.0, 'closing forearm', 1447936675.12, -0.008522025363668861, 0.0, 'arm moving up', 1447936674.917, 1.3561144424898703, 0.0, 0.0, 0.0, 0.0, 0.0, 0.0, 0.0, 0.0, 0.0, 0.0, 0.0, 0.0, 0.0]
[1.3475924171262015, 0.0, 'hand above elbow', 1447936675.12, 0.0, 0.0, 'closing forearm', 1447936675.12, -0.008522025363668861, 0.0, 'arm moving up', 1447936674.917, 1.3561144424898703, 0.0, 0.0, 0.0, 0.0, 0.0, 0.0, 0.0, 0.0, 0.0]
[1.3475924171262015, 0.0, 'forearm stopped', 1447936675.219, 0.0, 0.0, 'hand above elbow', 1447936675.12, 0.0, 0.0, 'closing forearm', 1447936675.12, -0.008522025363668861, 0.0, 'arm moving up', 1447936674.917, 1.3561144424898703, 0.0, 0.0, 0.0, 0.0, 0.0]
[1.3434450786052636, 0.0, 'arm stopped', 1447936675.32, -0.004147338520937849, 0.0, 'forearm stopped', 1447936675.219, 0.0, 0.0, 'hand above elbow', 1447936675.12, 0.0, 0.0, 'closing forearm', 1447936675.12, -0.008522025363668861, 0.0, 'arm moving up', 1447936674.917, 1.3561144424898703, 0.0]
[1.3434450786052636, 0.0, 'closing forearm', 1447936675.32, 0.0, 0.0, 'arm stopped', 1447936675.32, -0.004147338520937849, 0.0, 'forearm stopped', 1447936675.219, 0.0, 0.0, 'hand above elbow', 1447936675.12, 0.0, 0.0, 'closing forearm', 1447936675.12, -0.008522025363668861, 0.0]
[1.3294145213909045, 0.0, 'forearm stopped', 1447936675.519, -0.014030557214359085, 0.0, 'closing forearm', 1447936675.32, 0.0, 0.0, 'arm stopped', 1447936675.32, -0.004147338520937849, 0.0, 'forearm stopped', 1447936675.219, 0.0, 0.0, 'hand above elbow', 1447936675.12, 0.0, 0.0]
[1.3248315036555411, 0.0, 'waving', 1447936675.718, -0.004583017735363404, 0.0, 'forearm stopped', 1447936675.519, -0.014030557214359085, 0.0, 'closing forearm', 1447936675.32, 0.0, 0.0, 'arm stopped', 1447936675.32, -0.004147338520937849, 0.0, 'forearm stopped', 1447936675.219, 0.0, 0.0]
[1.3248315036555411, 0.0, 'opening forearm', 1447936675.718, 0.0, 0.0, 'waving', 1447936675.718, -0.004583017735363404, 0.0, 'forearm stopped', 1447936675.519, -0.014030557214359085, 0.0, 'closing forearm', 1447936675.32, 0.0, 0.0, 'arm stopped', 1447936675.32, -0.004147338520937849, 0.0]
[1.3204353329909009, 0.0, 'forearm stopped', 1447936675.818, -0.004396170664640264, 0.0, 'opening forearm', 1447936675.718, 0.0, 0.0, 'waving', 1447936675.718, -0.004583017735363404, 0.0, 'forearm stopped', 1447936675.519, -0.014030557214359085, 0.0, 'closing forearm', 1447936675.32, 0.0, 0.0]
[1.3172646056968396, 0.0, 'arm moving down', 1447936676.018, -0.003170727294061315, 0.0, 'forearm stopped', 1447936675.818, -0.004396170664640264, 0.0, 'opening forearm', 1447936675.718, 0.0, 0.0, 'waving', 1447936675.718, -0.004583017735363404, 0.0, 'forearm stopped', 1447936675.519, -0.014030557214359085, 0.0]
[1.2869101764917092, 0.0, 'hand under elbow', 1447936676.116, -0.030354429205130318, 0.0, 'arm moving down', 1447936676.018, -0.003170727294061315, 0.0, 'forearm stopped', 1447936675.818, -0.004396170664640264, 0.0, 'opening forearm', 1447936675.718, 0.0, 0.0, 'waving', 1447936675.718, -0.004583017735363404, 0.0]
[1.2869101764917092, 0.0, 'opening forearm', 1447936676.217, 0.0, 0.0, 'hand under elbow', 1447936676.116, -0.030354429205130318, 0.0, 'arm moving down', 1447936676.018, -0.003170727294061315, 0.0, 'forearm stopped', 1447936675.818, -0.004396170664640264, 0.0, 'opening forearm', 1447936675.718, 0.0, 0.0]
[0.0, 0.0, 'walking backward', 1447936744.218, 0.0, 0.0, 0.0, 0.0, 0.0, 0.0, 0.0, 0.0, 0.0, 0.0, 0.0, 0.0, 0.0, 0.0, 0.0, 0.0, 0.0, 0.0]
[0.0, 0.0, 'closing forearm', 1447936744.218, 0.0, 0.0, 'walking backward', 1447936744.218, 0.0, 0.0, 0.0, 0.0, 0.0, 0.0, 0.0, 0.0, 0.0, 0.0, 0.0, 0.0, 0.0, 0.0]
[1.036747989536266, 0.0, 'forearm stopped', 1447936744.316, 1.036747989536266, 0.0, 'closing forearm', 1447936744.218, 0.0, 0.0, 'walking backward', 1447936744.218, 0.0, 0.0, 0.0, 0.0, 0.0, 0.0, 0.0, 0.0, 0.0, 0.0]
[1.3109238700249963, 0.0, 'no walking', 1447936744.819, 0.27417588048873043, 0.0, 'forearm stopped', 1447936744.316, 1.036747989536266, 0.0, 'closing forearm', 1447936744.218, 0.0, 0.0, 'walking backward', 1447936744.218, 0.0, 0.0, 0.0, 0.0, 0.0, 0.0]
[1.4189452210904956, 0.0, 'closing forearm', 1447936745.22, 0.10802135106549926, 0.0, 'no walking', 1447936744.819, 0.27417588048873043, 0.0, 'forearm stopped', 1447936744.316, 1.036747989536266, 0.0, 'closing forearm', 1447936744.218, 0.0, 0.0, 'walking backward', 1447936744.218, 0.0, 0.0]
[1.4255221013021244, 0.0, 'hand above elbow', 1447936745.319, 0.006576880211628833, 0.0, 'closing forearm', 1447936745.22, 0.10802135106549926, 0.0, 'no walking', 1447936744.819, 0.27417588048873043, 0.0, 'forearm stopped', 1447936744.316, 1.036747989536266, 0.0, 'closing forearm', 1447936744.218, 0.0, 0.0]
[1.4299017297924435, 0.0, 'arm moving up', 1447936745.421, 0.004379628490319032, 0.0, 'hand above elbow', 1447936745.319, 0.006576880211628833, 0.0, 'closing forearm', 1447936745.22, 0.10802135106549926, 0.0, 'no walking', 1447936744.819, 0.27417588048873043, 0.0, 'forearm stopped', 1447936744.316, 1.036747989536266, 0.0]
[1.4299947218531464, 0.0, 'arm stopped', 1447936745.517, 9.299206070290111e-05, 0.0, 'arm moving up', 1447936745.421, 0.004379628490319032, 0.0, 'hand above elbow', 1447936745.319, 0.006576880211628833, 0.0, 'closing forearm', 1447936745.22, 0.10802135106549926, 0.0, 'no walking', 1447936744.819, 0.27417588048873043, 0.0]
[1.4299947218531464, 0.0, 'forearm stopped', 1447936745.517, 0.0, 0.0, 'arm stopped', 1447936745.517, 9.299206070290111e-05, 0.0, 'arm moving up', 1447936745.421, 0.004379628490319032, 0.0, 'hand above elbow', 1447936745.319, 0.006576880211628833, 0.0, 'closing forearm', 1447936745.22, 0.10802135106549926, 0.0]
[1.430238495125242, 0.0, 'closing forearm', 1447936745.623, 0.000243773272095682, 0.0, 'forearm stopped', 1447936745.517, 0.0, 0.0, 'arm stopped', 1447936745.517, 9.299206070290111e-05, 0.0, 'arm moving up', 1447936745.421, 0.004379628490319032, 0.0, 'hand above elbow', 1447936745.319, 0.006576880211628833, 0.0]
[1.4187334049510891, 0.0, 'arm moving down', 1447936745.724, -0.01150509017415291, 0.0, 'closing forearm', 1447936745.623, 0.000243773272095682, 0.0, 'forearm stopped', 1447936745.517, 0.0, 0.0, 'arm stopped', 1447936745.517, 9.299206070290111e-05, 0.0, 'arm moving up', 1447936745.421, 0.004379628490319032, 0.0]
[1.4105234698088975, 0.0, 'opening forearm', 1447936745.82, -0.008209935142191593, 0.0, 'arm moving down', 1447936745.724, -0.01150509017415291, 0.0, 'closing forearm', 1447936745.623, 0.000243773272095682, 0.0, 'forearm stopped', 1447936745.517, 0.0, 0.0, 'arm stopped', 1447936745.517, 9.299206070290111e-05, 0.0]
[1.4105234698088975, 0.0, 'hand under elbow', 1447936745.82, 0.0, 0.0, 'opening forearm', 1447936745.82, -0.008209935142191593, 0.0, 'arm moving down', 1447936745.724, -0.01150509017415291, 0.0, 'closing forearm', 1447936745.623, 0.000243773272095682, 0.0, 'forearm stopped', 1447936745.517, 0.0, 0.0]
[1.4075964087361008, 0.0, 'arm stopped', 1447936745.922, -0.0029270610727967217, 0.0, 'hand under elbow', 1447936745.82, 0.0, 0.0, 'opening forearm', 1447936745.82, -0.008209935142191593, 0.0, 'arm moving down', 1447936745.724, -0.01150509017415291, 0.0, 'closing forearm', 1447936745.623, 0.000243773272095682, 0.0]
[1.4075964087361008, 0.0, 'forearm stopped', 1447936745.922, 0.0, 0.0, 'arm stopped', 1447936745.922, -0.0029270610727967217, 0.0, 'hand under elbow', 1447936745.82, 0.0, 0.0, 'opening forearm', 1447936745.82, -0.008209935142191593, 0.0, 'arm moving down', 1447936745.724, -0.01150509017415291, 0.0]
[1.0978272871722683, 0.0, 'walking backward', 1447936819.918, 1.0978272871722683, 0.0, 0.0, 0.0, 0.0, 0.0, 0.0, 0.0, 0.0, 0.0, 0.0, 0.0, 0.0, 0.0, 0.0, 0.0, 0.0, 0.0]
[1.1686232378608092, 0.0, 'arm moving up', 1447936820.019, 0.07079595068854094, 0.0, 'walking backward', 1447936819.918, 1.0978272871722683, 0.0, 0.0, 0.0, 0.0, 0.0, 0.0, 0.0, 0.0, 0.0, 0.0, 0.0, 0.0, 0.0]
[1.1686232378608092, 0.0, 'closing forearm', 1447936820.116, 0.0, 0.0, 'arm moving up', 1447936820.019, 0.07079595068854094, 0.0, 'walking backward', 1447936819.918, 1.0978272871722683, 0.0, 0.0, 0.0, 0.0, 0.0, 0.0, 0.0, 0.0, 0.0]
[1.1686232378608092, 0.0, 'hand above elbow', 1447936820.116, 0.0, 0.0, 'closing forearm', 1447936820.116, 0.0, 0.0, 'arm moving up', 1447936820.019, 0.07079595068854094, 0.0, 'walking backward', 1447936819.918, 1.0978272871722683, 0.0, 0.0, 0.0, 0.0, 0.0]
[1.2601964988464043, 0.0, 'opening forearm', 1447936820.22, 0.09157326098559504, 0.0, 'hand above elbow', 1447936820.116, 0.0, 0.0, 'closing forearm', 1447936820.116, 0.0, 0.0, 'arm moving up', 1447936820.019, 0.07079595068854094, 0.0, 'walking backward', 1447936819.918, 1.0978272871722683, 0.0]
[1.310289004861791, 0.0, 'waving', 1447936820.318, 0.05009250601538673, 0.0, 'opening forearm', 1447936820.22, 0.09157326098559504, 0.0, 'hand above elbow', 1447936820.116, 0.0, 0.0, 'closing forearm', 1447936820.116, 0.0, 0.0, 'arm moving up', 1447936820.019, 0.07079595068854094, 0.0]
[1.368317736486585, 0.0, 'arm stopped', 1447936820.318, 0.05802873162479405, 0.0, 'waving', 1447936820.318, 0.05009250601538673, 0.0, 'opening forearm', 1447936820.22, 0.09157326098559504, 0.0, 'hand above elbow', 1447936820.116, 0.0, 0.0, 'closing forearm', 1447936820.116, 0.0, 0.0]
[1.368317736486585, 0.0, 'closing forearm', 1447936820.318, 0.0, 0.0, 'arm stopped', 1447936820.318, 0.05802873162479405, 0.0, 'waving', 1447936820.318, 0.05009250601538673, 0.0, 'opening forearm', 1447936820.22, 0.09157326098559504, 0.0, 'hand above elbow', 1447936820.116, 0.0, 0.0]
[1.4071526762994717, 0.0, 'forearm stopped', 1447936820.519, 0.03883493981288666, 0.0, 'closing forearm', 1447936820.318, 0.0, 0.0, 'arm stopped', 1447936820.318, 0.05802873162479405, 0.0, 'waving', 1447936820.318, 0.05009250601538673, 0.0, 'opening forearm', 1447936820.22, 0.09157326098559504, 0.0]
[1.4404265288251286, 0.0, 'no walking', 1447936820.621, 0.033273852525656844, 0.0, 'forearm stopped', 1447936820.519, 0.03883493981288666, 0.0, 'closing forearm', 1447936820.318, 0.0, 0.0, 'arm stopped', 1447936820.318, 0.05802873162479405, 0.0, 'waving', 1447936820.318, 0.05009250601538673, 0.0]
[1.4964848500381012, 0.0, 'opening forearm', 1447936820.717, 0.056058321212972606, 0.0, 'no walking', 1447936820.621, 0.033273852525656844, 0.0, 'forearm stopped', 1447936820.519, 0.03883493981288666, 0.0, 'closing forearm', 1447936820.318, 0.0, 0.0, 'arm stopped', 1447936820.318, 0.05802873162479405, 0.0]
[1.4964848500381012, 0.0, 'forearm stopped', 1447936820.815, 0.0, 0.0, 'opening forearm', 1447936820.717, 0.056058321212972606, 0.0, 'no walking', 1447936820.621, 0.033273852525656844, 0.0, 'forearm stopped', 1447936820.519, 0.03883493981288666, 0.0, 'closing forearm', 1447936820.318, 0.0, 0.0]
[1.5392790936589047, 0.0, 'closing forearm', 1447936821.016, 0.04279424362080353, 0.0, 'forearm stopped', 1447936820.815, 0.0, 0.0, 'opening forearm', 1447936820.717, 0.056058321212972606, 0.0, 'no walking', 1447936820.621, 0.033273852525656844, 0.0, 'forearm stopped', 1447936820.519, 0.03883493981288666, 0.0]
[1.5414911978055454, 0.0, 'arm moving down', 1447936821.118, 0.0022121041466407476, 0.0, 'closing forearm', 1447936821.016, 0.04279424362080353, 0.0, 'forearm stopped', 1447936820.815, 0.0, 0.0, 'opening forearm', 1447936820.717, 0.056058321212972606, 0.0, 'no walking', 1447936820.621, 0.033273852525656844, 0.0]
[1.5414911978055454, 0.0, 'forearm stopped', 1447936821.119, 0.0, 0.0, 'arm moving down', 1447936821.118, 0.0022121041466407476, 0.0, 'closing forearm', 1447936821.016, 0.04279424362080353, 0.0, 'forearm stopped', 1447936820.815, 0.0, 0.0, 'opening forearm', 1447936820.717, 0.056058321212972606, 0.0]
[1.5414911978055454, 0.0, 'opening forearm', 1447936821.22, 0.0, 0.0, 'forearm stopped', 1447936821.119, 0.0, 0.0, 'arm moving down', 1447936821.118, 0.0022121041466407476, 0.0, 'closing forearm', 1447936821.016, 0.04279424362080353, 0.0, 'forearm stopped', 1447936820.815, 0.0, 0.0]
[1.5414911978055454, 0.0, 'hand under elbow', 1447936821.22, 0.0, 0.0, 'opening forearm', 1447936821.22, 0.0, 0.0, 'forearm stopped', 1447936821.119, 0.0, 0.0, 'arm moving down', 1447936821.118, 0.0022121041466407476, 0.0, 'closing forearm', 1447936821.016, 0.04279424362080353, 0.0]
[1.5414911978055454, 0.0, 'forearm stopped', 1447936821.32, 0.0, 0.0, 'hand under elbow', 1447936821.22, 0.0, 0.0, 'opening forearm', 1447936821.22, 0.0, 0.0, 'forearm stopped', 1447936821.119, 0.0, 0.0, 'arm moving down', 1447936821.118, 0.0022121041466407476, 0.0]
[1.515257005947818, 0.0, 'arm stopped', 1447936821.418, -0.02623419185772735, 0.0, 'forearm stopped', 1447936821.32, 0.0, 0.0, 'hand under elbow', 1447936821.22, 0.0, 0.0, 'opening forearm', 1447936821.22, 0.0, 0.0, 'forearm stopped', 1447936821.119, 0.0, 0.0]
[1.4114727574926567, 0.0, 'walking forward', 1447936821.622, -0.10378424845516143, 0.0, 'arm stopped', 1447936821.418, -0.02623419185772735, 0.0, 'forearm stopped', 1447936821.32, 0.0, 0.0, 'hand under elbow', 1447936821.22, 0.0, 0.0, 'opening forearm', 1447936821.22, 0.0, 0.0]
[0.7950594232888867, 0.0, 'no walking', 1447936822.916, -0.61641333420377, 0.0, 'walking forward', 1447936821.622, -0.10378424845516143, 0.0, 'arm stopped', 1447936821.418, -0.02623419185772735, 0.0, 'forearm stopped', 1447936821.32, 0.0, 0.0, 'hand under elbow', 1447936821.22, 0.0, 0.0]
[0.9001238833724802, 0.0, 'walking backward', 1447936823.516, 0.10506446008359349, 0.0, 'no walking', 1447936822.916, -0.61641333420377, 0.0, 'walking forward', 1447936821.622, -0.10378424845516143, 0.0, 'arm stopped', 1447936821.418, -0.02623419185772735, 0.0, 'forearm stopped', 1447936821.32, 0.0, 0.0]
[0.953137419684796, 0.0, 'closing forearm', 1447936823.62, 0.05301353631231587, 0.0, 'walking backward', 1447936823.516, 0.10506446008359349, 0.0, 'no walking', 1447936822.916, -0.61641333420377, 0.0, 'walking forward', 1447936821.622, -0.10378424845516143, 0.0, 'arm stopped', 1447936821.418, -0.02623419185772735, 0.0]
[1.0676374125935064, 0.0, 'forearm stopped', 1447936823.721, 0.11449999290871038, 0.0, 'closing forearm', 1447936823.62, 0.05301353631231587, 0.0, 'walking backward', 1447936823.516, 0.10506446008359349, 0.0, 'no walking', 1447936822.916, -0.61641333420377, 0.0, 'walking forward', 1447936821.622, -0.10378424845516143, 0.0]
[1.129932354239977, 0.0, 'arm moving up', 1447936823.817, 0.06229494164647065, 0.0, 'forearm stopped', 1447936823.721, 0.11449999290871038, 0.0, 'closing forearm', 1447936823.62, 0.05301353631231587, 0.0, 'walking backward', 1447936823.516, 0.10506446008359349, 0.0, 'no walking', 1447936822.916, -0.61641333420377, 0.0]
[1.129932354239977, 0.0, 'hand above elbow', 1447936823.817, 0.0, 0.0, 'arm moving up', 1447936823.817, 0.06229494164647065, 0.0, 'forearm stopped', 1447936823.721, 0.11449999290871038, 0.0, 'closing forearm', 1447936823.62, 0.05301353631231587, 0.0, 'walking backward', 1447936823.516, 0.10506446008359349, 0.0]
[1.2202540551604775, 0.0, 'arm stopped', 1447936824.117, 0.0903217009205004, 0.0, 'hand above elbow', 1447936823.817, 0.0, 0.0, 'arm moving up', 1447936823.817, 0.06229494164647065, 0.0, 'forearm stopped', 1447936823.721, 0.11449999290871038, 0.0, 'closing forearm', 1447936823.62, 0.05301353631231587, 0.0]
[1.3540714649459935, 0.0, 'waving', 1447936824.22, 0.13381740978551604, 0.0, 'arm stopped', 1447936824.117, 0.0903217009205004, 0.0, 'hand above elbow', 1447936823.817, 0.0, 0.0, 'arm moving up', 1447936823.817, 0.06229494164647065, 0.0, 'forearm stopped', 1447936823.721, 0.11449999290871038, 0.0]
[1.5373587374117395, 0.0, 'no walking', 1447936824.719, 0.18328727246574594, 0.0, 'waving', 1447936824.22, 0.13381740978551604, 0.0, 'arm stopped', 1447936824.117, 0.0903217009205004, 0.0, 'hand above elbow', 1447936823.817, 0.0, 0.0, 'arm moving up', 1447936823.817, 0.06229494164647065, 0.0]
[1.5592778581263755, 0.0, 'closing forearm', 1447936824.818, 0.021919120714636087, 0.0, 'no walking', 1447936824.719, 0.18328727246574594, 0.0, 'waving', 1447936824.22, 0.13381740978551604, 0.0, 'arm stopped', 1447936824.117, 0.0903217009205004, 0.0, 'hand above elbow', 1447936823.817, 0.0, 0.0]
[1.5812695024049397, 0.0, 'forearm stopped', 1447936824.917, 0.02199164427856415, 0.0, 'closing forearm', 1447936824.818, 0.021919120714636087, 0.0, 'no walking', 1447936824.719, 0.18328727246574594, 0.0, 'waving', 1447936824.22, 0.13381740978551604, 0.0, 'arm stopped', 1447936824.117, 0.0903217009205004, 0.0]
[1.5812695024049397, 0.0, 'arm moving down', 1447936825.02, 0.0, 0.0, 'forearm stopped', 1447936824.917, 0.02199164427856415, 0.0, 'closing forearm', 1447936824.818, 0.021919120714636087, 0.0, 'no walking', 1447936824.719, 0.18328727246574594, 0.0, 'waving', 1447936824.22, 0.13381740978551604, 0.0]
[1.5914799420479961, 0.0, 'opening forearm', 1447936825.219, 0.010210439643056457, 0.0, 'arm moving down', 1447936825.02, 0.0, 0.0, 'forearm stopped', 1447936824.917, 0.02199164427856415, 0.0, 'closing forearm', 1447936824.818, 0.021919120714636087, 0.0, 'no walking', 1447936824.719, 0.18328727246574594, 0.0]
[1.5914799420479961, 0.0, 'hand under elbow', 1447936825.22, 0.0, 0.0, 'opening forearm', 1447936825.219, 0.010210439643056457, 0.0, 'arm moving down', 1447936825.02, 0.0, 0.0, 'forearm stopped', 1447936824.917, 0.02199164427856415, 0.0, 'closing forearm', 1447936824.818, 0.021919120714636087, 0.0]
[1.58787888246425, 0.0, 'arm stopped', 1447936825.42, -0.0036010595837461246, 0.0, 'hand under elbow', 1447936825.22, 0.0, 0.0, 'opening forearm', 1447936825.219, 0.010210439643056457, 0.0, 'arm moving down', 1447936825.02, 0.0, 0.0, 'forearm stopped', 1447936824.917, 0.02199164427856415, 0.0]
[1.5852391216981214, 0.0, 'forearm stopped', 1447936825.515, -0.002639760766128596, 0.0, 'arm stopped', 1447936825.42, -0.0036010595837461246, 0.0, 'hand under elbow', 1447936825.22, 0.0, 0.0, 'opening forearm', 1447936825.219, 0.010210439643056457, 0.0, 'arm moving down', 1447936825.02, 0.0, 0.0]
[1.540442717322993, 0.0, 'opening forearm', 1447936829.925, -0.04479640437512833, 0.0, 'forearm stopped', 1447936825.515, -0.002639760766128596, 0.0, 'arm stopped', 1447936825.42, -0.0036010595837461246, 0.0, 'hand under elbow', 1447936825.22, 0.0, 0.0, 'opening forearm', 1447936825.219, 0.010210439643056457, 0.0]
[1.5375475622708188, 0.0, 'forearm stopped', 1447936830.024, -0.002895155052174303, 0.0, 'opening forearm', 1447936829.925, -0.04479640437512833, 0.0, 'forearm stopped', 1447936825.515, -0.002639760766128596, 0.0, 'arm stopped', 1447936825.42, -0.0036010595837461246, 0.0, 'hand under elbow', 1447936825.22, 0.0, 0.0]
